-1.587247 
0.4739883 
-1.687738 
-0.6180578 
0.1060054 
0.4719894 
-0.7746509 
-1.570124 
-1.458613 
-0.5817446 
0.4275355 
0.07722552 
-0.2570969 
0.2193439 
-0.3806473 
0.3937673 
-0.3178102 
-1.014309 
-0.8416488 
0.1264681 
0.4335206 
-1.512569 
-0.8573491 
0.5179651 
-0.79019 
0.2699507 
0.6339015 
1.322136 
1.125204 
-0.6345763 
1.356774 
0.4949579 
-1.323726 
-0.7934559 
0.5309466 
0.3026466 
2.238373 
-0.1680910 
0.9776574 
0.2579223 
-1.01251 
-0.7345987 
-0.2298840 
-0.5409489 
0.6898377 
-0.1038543 
-0.4498758 
-0.02569914 
0.4526018 
0.1853425 
0.9097126 
1.078315 
1.554719 
-1.264991 
1.059351 
0.4383771 
-0.8824723 
0.4305107 
0.6297345 
0.1549576 
0.2687715 
-0.07225539 
-0.1740557 
-2.524778 
0.7260045 
-0.009957685 
0.5815456 
-0.1230732 
-0.3508859 
-0.8112438 
0.5539474 
0.8697766 
0.1673925 
0.2839577 
1.055214 
1.540575 
0.9775977 
-1.325514 
-1.076641 
-0.90283 
-1.079619 
-1.752439 
-0.03236772 
-0.7091518 
-0.3832521 
0.09090576 
1.209850 
0.06237494 
0.4846856 
0.979622 
0.3438857 
0.7837313 
-1.111207 
0.1810197 
1.504278 
0.2728440 
-1.262209 
-0.09577592 
0.6993099 
0.05629291 
-1.34677 
-1.128941 
0.6908444 
-0.7900934 
1.035795 
1.515189 
0.06863466 
-0.2727754 
0.1114861 
0.9575104 
-1.48754 
-0.1962307 
2.157478 
1.698527 
-0.1510215 
0.06234182 
0.5320298 
0.4127702 
0.7050593 
1.137906 
-0.8528422 
-1.540629 
-1.409597 
-0.5330478 
0.4272976 
-1.914719 
1.050531 
-0.2211033 
-1.008727 
2.284942 
0.4851544 
0.3621172 
1.834510 
0.4199199 
-0.7150631 
0.4736507 
1.143325 
-0.9235289 
-2.205572 
0.713495 
-0.4595119 
-0.2259952 
-0.4468909 
-0.3607311 
-0.713679 
-1.456554 
-0.5201306 
2.329915 
-0.7771965 
-0.3132666 
1.303162 
0.08513628 
-0.4456328 
0.3168109 
0.1817928 
0.03171678 
-0.6351775 
-0.02719632 
0.7250218 
-0.0630331 
-0.454753 
-0.4115674 
0.4892845 
0.2354234 
0.3273706 
0.3528835 
1.229924 
2.187437 
0.7563954 
0.3235279 
-0.2877279 
-0.2178164 
0.01659457 
0.3847926 
1.098530 
0.2879763 
-1.581980 
-0.2263033 
-0.3144772 
-1.750266 
-1.542837 
-0.3150842 
-1.974697 
-0.8531287 
-0.967561 
-0.09703922 
-1.115111 
-0.6007278 
-1.483110 
-1.595714 
-1.056544 
0.9232799 
-1.033923 
0.6668401 
-0.4317814 
-0.2519024 
-0.1671024 
-1.807769 
0.1290614 
0.6998966 
1.753612 
0.3556208 
-0.3043385 
-0.3259815 
0.1749107 
0.40298 
0.7002443 
-1.503597 
-1.678836 
1.593597 
-0.805396 
0.8412204 
0.7366134 
-1.524299 
0.3250139 
-1.842461 
-0.8461115 
0.001403841 
0.7591477 
-1.361261 
-1.000893 
1.038663 
-0.6649598 
-1.350975 
0.2966796 
0.01818185 
1.383554 
0.550696 
-0.09406552 
0.1428675 
0.553213 
0.03572161 
-2.614532 
-2.576769 
0.8028638 
1.455201 
0.3829375 
0.03815447 
0.137681 
0.958232 
0.2100387 
0.3261468 
-2.046757 
-0.5862437 
-1.262240 
0.1535283 
-0.8138534 
-0.2613733 
-1.593228 
-0.8741228 
-0.824618 
0.4732550 
0.1361739 
1.663372 
0.7978638 
0.4317327 
0.6863722 
0.1567686 
-0.571063 
-0.01259198 
-0.1682250 
-0.6683527 
-0.4287645 
-1.112124 
0.6431366 
-0.3770807 
-1.940744 
0.6469723 
0.325514 
0.3043074 
-0.1014041 
-0.8829274 
1.093573 
-1.390455 
-0.414261 
-0.0405918 
-0.2662756 
-0.2776787 
-0.2256294 
0.1683829 
-1.407178 
-0.9757196 
-0.2774453 
-1.403845 
1.522211 
1.736077 
-0.01118090 
-1.106663 
0.1404982 
0.1217372 
1.720559 
-0.7336738 
0.1701817 
0.9852584 
-0.3098214 
-0.01760483 
-1.866943 
0.9788607 
-1.663521 
-1.431387 
1.421396 
1.704287 
1.093481 
1.183551 
-1.352029 
-1.726559 
0.2387470 
-0.3542272 
1.598131 
-1.491914 
-0.3740786 
-0.88838 
0.5828017 
0.1816639 
-1.079447 
-0.6941743 
0.9451647 
-0.3972212 
-0.9797914 
-0.004841505 
-0.8547154 
1.133357 
-0.474436 
-0.04498344 
-0.5149121 
1.184057 
1.315072 
-1.135498 
0.7012332 
-1.190631 
0.2019222 
-0.03884537 
-0.5624234 
0.0920963 
-0.3272272 
-0.5993771 
-0.4951075 
-0.5176178 
-0.9950826 
2.032219 
0.2022714 
-1.358785 
-2.891822 
-0.5046011 
2.113827 
0.1131071 
0.5820444 
0.4638185 
0.8365265 
1.149636 
0.6106198 
-1.426853 
2.207225 
0.2061076 
0.6442703 
-1.02361 
-0.2576366 
-0.9306882 
1.106836 
-0.1270509 
0.3753124 
1.225232 
0.6063951 
-0.1783375 
0.1457418 
0.1546544 
0.2004163 
-2.146501 
-2.158298 
0.3754381 
1.307624 
1.124569 
-0.1367165 
-1.310878 
-1.427356 
-0.3306161 
0.04784144 
-1.350213 
-0.6499249 
1.110794 
0.8354605 
0.1567126 
1.285693 
0.0952211 
0.02106047 
0.5249576 
-1.16051 
-1.759312 
1.432663 
-0.3218475 
-0.6721737 
0.5232763 
-0.2753381 
-0.1742666 
-1.155892 
0.1237484 
-0.7660202 
0.7634416 
-0.004611932 
0.8990012 
-1.724964 
-0.746565 
-0.1727736 
-0.01140079 
1.521805 
-1.189291 
-1.775550 
-0.8532279 
0.06450109 
0.5862344 
0.6570484 
-0.3254932 
-0.3004466 
-0.01209849 
-0.02390605 
-1.708073 
0.2810341 
0.1464173 
0.6518067 
2.548087 
-1.135974 
0.4967025 
-0.6279986 
-0.9826708 
0.08413418 
-0.1294762 
-1.799074 
0.7268048 
0.390067 
0.2414339 
1.662156 
-1.046025 
1.071356 
-0.9854876 
-0.5775258 
0.3265484 
-0.1851261 
0.1098340 
-1.181026 
-0.07886696 
0.1396443 
1.52801 
-0.4554243 
1.170298 
-0.1048496 
0.751871 
-0.3363313 
-2.254679 
-0.2311766 
-2.133787 
-1.856515 
0.0619422 
-0.03970595 
-0.3498952 
-1.020177 
1.924129 
0.4706703 
-0.5525983 
1.714362 
0.8541953 
0.06247666 
-0.2689118 
0.690779 
0.4894207 
-1.439479 
-0.05699981 
1.621299 
-0.4346156 
0.74175 
-1.340101 
-2.085204 
0.008199397 
0.5548675 
-1.703235 
-0.4860805 
-0.4220644 
1.022244 
-1.647548 
-0.02829646 
1.411843 
-0.2062824 
2.176427 
-0.3998393 
-1.601163 
-1.037267 
1.683787 
0.921628 
0.5508948 
-1.816992 
1.076321 
-1.912873 
-1.014501 
-1.146759 
-0.1650133 
-2.181549 
0.7193123 
0.02626284 
1.506385 
0.08779727 
0.5058351 
-0.8978913 
-0.08325778 
-0.890746 
-1.689778 
0.4316945 
0.6567303 
-0.5102265 
-0.8015645 
1.699233 
1.728294 
-0.06349739 
0.7382298 
0.4653883 
1.197701 
-0.9239187 
1.569384 
-1.678022 
-0.4282978 
-0.9977737 
-0.3677747 
-0.9849504 
-0.393406 
1.741875 
2.015532 
-0.4021018 
-0.7645704 
0.6675789 
0.1698578 
-1.149218 
0.1873811 
-0.947491 
-0.02234136 
-2.062959 
-1.483673 
-0.4926839 
0.9719943 
1.797381 
-1.108216 
0.4183068 
0.008087208 
-1.762796 
1.390013 
-1.275673 
0.3173693 
1.41708 
1.973080 
0.723867 
0.1708793 
0.7117414 
0.8168208 
-0.4369294 
1.068581 
-0.9368876 
1.227685 
0.9928795 
-0.1983499 
0.4645268 
-0.3709805 
-1.869367 
-0.7991338 
-0.1197895 
2.62626 
-0.3989079 
-0.1828452 
0.08572037 
-1.453930 
1.049341 
-1.688766 
-0.8271322 
2.219195 
0.4600705 
-0.08156899 
0.9517312 
0.4080006 
1.642329 
-0.728467 
0.3053763 
-1.544357 
-0.2802945 
-0.8833589 
0.2487647 
-0.1069817 
-0.3485280 
0.2127033 
-0.03576284 
0.2777021 
0.2514391 
-0.8131614 
-0.922584 
0.4077455 
-0.05455326 
0.6772962 
0.3031536 
-0.3052157 
0.2319942 
-1.226948 
0.7480297 
0.3817325 
-0.609726 
-0.1670006 
-0.2987003 
-0.4727968 
0.08780384 
-1.453987 
-2.789112 
-1.124286 
-1.973781 
0.7817613 
-0.8310539 
-1.530081 
0.1225531 
1.405994 
-0.4290939 
0.1016601 
0.06881237 
-0.3874479 
-0.06341259 
1.400320 
-0.8366067 
-0.4959876 
0.2708337 
0.454026 
0.009445453 
0.6369506 
0.1096584 
1.009799 
-1.272684 
0.1579255 
-0.2114408 
-0.3218816 
-0.03706688 
-1.838232 
-0.2823942 
-0.0985052 
-0.1032572 
-1.240712 
-0.6410587 
-1.108190 
-0.03155984 
-1.120305 
0.8286555 
1.780442 
-0.5452202 
-0.3730061 
-1.795053 
-0.5043719 
-0.2092154 
0.08229358 
-0.1692821 
0.6918806 
1.158816 
-0.2420826 
2.075722 
-0.6865048 
-1.670024 
-1.129960 
2.408692 
-2.196301 
-0.1620369 
0.8495244 
-0.4471769 
0.5375225 
-0.07927607 
1.327823 
0.9540155 
-0.6305276 
-0.4424396 
-2.613238 
-0.7461132 
-0.2773673 
0.1453661 
0.3823342 
-0.6782378 
-0.4102331 
0.5574527 
-1.007296 
-0.2331867 
0.437752 
0.5041257 
-0.1730712 
-0.1072605 
0.3805525 
-0.2244118 
-1.262643 
0.04421046 
-0.6010409 
-2.166003 
-0.01716884 
-0.3631341 
0.09533685 
-0.03267486 
-1.21386 
-1.469378 
-0.5710277 
1.213201 
0.8170661 
0.6816129 
-1.227241 
1.896158 
-0.7796731 
-0.3291168 
-0.5069727 
-0.8979991 
0.1083151 
-1.524848 
1.524088 
0.1660165 
0.8707793 
1.601319 
-1.250701 
0.8315176 
0.7604767 
-0.001840900 
-0.1677588 
-1.0597 
0.2004021 
-1.018582 
0.3165396 
0.07191786 
-0.4955138 
0.2093298 
1.247212 
0.1474527 
-0.6589332 
-0.7898033 
1.890699 
-1.316862 
0.5589221 
-1.524159 
-0.7674551 
0.06532361 
-0.4955456 
-1.176000 
0.2824277 
-0.9378438 
-0.04814369 
-0.2538594 
-1.943013 
-0.03883199 
-0.3834679 
-0.5755353 
0.4537091 
-1.578195 
1.132687 
-0.7236123 
-0.1595464 
0.229532 
-3.197447 
0.1702966 
2.322099 
0.6423307 
0.2556575 
0.3759918 
0.1075537 
-0.4809061 
-0.3755279 
-0.5109324 
-0.9287737 
-0.3637103 
1.145474 
-1.131979 
-1.275283 
-0.05059472 
0.19532 
0.279354 
-0.576234 
-0.9090863 
-0.2368701 
0.3552586 
-1.133725 
0.9681982 
-0.4428884 
2.508386 
0.4258932 
-0.2267813 
-1.224492 
0.686479 
0.7329313 
1.115286 
0.1905988 
0.1365523 
1.557242 
-2.036104 
-0.04603588 
-0.08293685 
-0.3875118 
0.4071119 
-0.3598797 
0.3461295 
1.173827 
1.543543 
-0.3591541 
1.794945 
0.2846612 
-1.571865 
0.01321346 
0.7849373 
-0.5631265 
0.8760098 
-0.8433364 
-1.605891 
1.609665 
0.9780795 
0.5733708 
0.3640728 
-0.6910701 
0.2070052 
1.568432 
-0.8631382 
0.4317097 
1.514448 
0.1557721 
-0.2743382 
-0.4856565 
0.2138138 
-0.2677508 
-0.9568046 
0.9047485 
-1.122159 
0.08715209 
-0.9078336 
-0.4710711 
0.9010266 
0.7889196 
0.4241817 
-1.582514 
0.2731492 
0.918119 
0.3921702 
-0.5648999 
0.4446095 
-1.875138 
-0.821013 
-0.6998514 
0.4755165 
-0.6221046 
0.1751552 
-0.4040224 
-0.1265491 
0.8180097 
0.3708608 
0.6952396 
0.9065553 
0.1261704 
-1.047011 
1.361649 
0.3225778 
-3.065425 
-1.160420 
-0.3486444 
2.54379 
0.1236576 
0.5973197 
-1.483559 
0.1176661 
-0.05518402 
0.6441269 
0.6183881 
-0.1783681 
0.9310979 
-0.4966909 
0.01167194 
-1.498330 
-0.3450682 
0.8015311 
-1.163964 
0.1438637 
0.5072133 
-0.7379728 
-1.528045 
2.701046 
-0.665748 
-0.8823032 
-0.02372998 
0.8454326 
1.14839 
1.208250 
0.5618477 
-1.058294 
-0.4076322 
1.138835 
0.6281673 
-1.232542 
-0.1442507 
0.099482 
0.7727734 
3.104693 
-0.8121226 
-1.062801 
-0.9097675 
-1.385075 
-1.767811 
-0.2686923 
0.4260683 
0.9106312 
0.9305919 
-0.6082607 
-1.002995 
-0.9431993 
-1.357414 
1.307414 
1.413223 
-0.1982919 
-0.9852933 
-0.801816 
-1.396096 
1.005247 
0.05394303 
-0.6648639 
-0.337098 
-0.6640164 
0.8214232 
1.669420 
-0.3508872 
-1.116530 
-0.5452881 
-0.07940974 
-0.1774482 
0.08422729 
0.5724565 
0.7669233 
1.379264 
1.42148 
-0.2467793 
1.059754 
0.4585499 
-0.8609252 
-0.5293015 
0.1800132 
1.376868 
0.8117633 
0.8296049 
-0.8485793 
-0.7734881 
1.848955 
-0.01680324 
1.198164 
0.7007918 
-0.4373187 
0.3340330 
1.472177 
0.2478517 
0.851191 
0.6648382 
0.8427213 
0.8462741 
-2.093398 
1.244995 
1.739722 
-0.2941496 
-1.452093 
-0.9770852 
0.1325623 
0.2004491 
-0.1572402 
-0.01205806 
-0.7640915 
0.8162877 
0.06950911 
-0.1705951 
0.5424823 
-2.521841 
-0.1392281 
0.8049656 
-0.6617421 
0.0008974067 
0.9064007 
0.5138824 
-1.492463 
-1.251007 
0.6931946 
-1.897007 
-0.2331004 
0.286005 
-0.3185353 
0.2918797 
0.3544957 
0.5897951 
1.060961 
-0.6446087 
0.989218 
0.5841767 
0.8145086 
1.149240 
-0.1625210 
0.3204825 
0.2254139 
0.1180266 
1.524039 
1.114668 
1.333262 
0.1622081 
1.326750 
0.9664525 
-0.4078348 
-1.221909 
-0.8779987 
0.4300087 
-0.03917026 
-0.3986677 
