Tbin  Cts  (Tbin = 10,000 sec width)
  0    11
  1     3
  2     5
  3     9
  4     3
  5     4
  6     5
  7     5
  8     5
  9     5
 10    13
 11    18
 12    27
 13     8
 14     4
 15    10
 16     8
 17     3
 18    12
 19    10
 20    10
 21     3
 22     9
 23     8
 24     5
 25     9
 26     4
 27     6
 28     1
 29     5
 30    14
 31     7
 32     9
 33    10
 34     8
 35    13
 36     8
 37    11
 38    11
 39    10
 40    11
 41    13
 42    10
 43     3
 44     8
 45     5
 46     3
 47    30
 48    49
 49    17  
 50     6
 51     8
 52     5
 53     3
 54     6
 55     9
 56    10
 57     5
 58     4
 59    10
 60    11
 61     1
 62     8
 63     5
 64     5
 65     7
 66     4
 68    10
 69     9
 70     6
 71     8
 72     4
 73     5
 74     3
 75     4
 76     6
 77     7
 78     5
 79     0
 80     0
 81     4
 82     3
 83     5
 84     5
 85     2
 86     6
 
