1.039524 1.369823 3.158708 1.670508 1.729288
3.315065 2.060916 0.3349388 0.9131471 1.154338
2.824082 1.959814 2.000771 1.710683 1.044159
3.386913 2.09785 -0.3666172 2.301356 1.127209
0.5321763 1.382025 0.5739956 0.8711088 0.9749607
-0.08669331 2.437787 1.753373 0.4618631 2.853815
2.026464 1.304929 2.495126 2.478133 2.421581
2.28864 2.153918 1.538088 1.294037 1.219529
0.905293 1.392083 0.3346036 3.768956 2.807962
0.4768914 1.197115 1.133345 2.379965 1.516631
1.853319 1.571453 1.55713 2.968602 1.374229
3.116471 0.0512472 2.184614 1.723854 1.815942
1.979639 1.097677 1.266793 0.5814246 0.5282088
1.903529 2.04821 1.653004 2.522267 3.650085
1.108969 -0.7091689 2.605739 0.8907992 0.9119914
2.625571 1.315227 0.3792823 1.781303 1.461109
1.605764 1.98528 1.22934 2.244377 1.379513
1.931782 2.696839 2.035181 1.274068 2.748808
2.593504 2.148397 1.838732 0.9720939 2.960652
0.9997404 3.787333 3.132611 1.3643 0.5735791
