80.0        66.0        86.0        62.0       
78.0        80.0        56.0        85.5        79.0        86.5       
75.0        31.0        29.0        64.0        29.0        83.5       
86.0        78.0        87.5        45.0        81.5        73.0       
71.0        80.0        87.0        84.0        54.5        87.0       
75.5        73.0        88.0        87.5        0.0         89.5       
66.0        83.0        81.5        85.0        60.0        80.0       
65.0        85.5        65.0        66.5        81.5        31.0


foo=scan("temp")
Read 46 items
> summary(foo)
   Min. 1st Qu.  Median    Mean 3rd Qu.    Max. 
   0.00   65.00   78.50   70.62   84.75   89.50 

> stem(foo)

  The decimal point is 1 digit(s) to the right of the |

  0 | 0
  1 | 
  2 | 99
  3 | 11
  4 | 5
  5 | 56
  6 | 02455667
  7 | 13356889
  8 | 000022234456666777888
  9 | 0
